        3        5        1       7.3500126000000003       0.0000000000000000       0.0000000000000000       0.0000000000000000       0.0000000000000000       0.0000000000000000
        1  'O  '   14582.5610231926002598
        2  'Sr '   79860.7445811804936966
        3  'Ti '   43628.1015848820970859
        1        2       0.0000000000000000       0.0000000000000000       0.0000000000000000
        2        3       0.5000000000000000       0.5000000000000000       0.5000000000000000
        3        1       0.5000000000000000       0.0000000000000000       0.5000000000000000
        4        1       0.5000000000000000       0.5000000000000000       0.0000000000000000
        5        1       0.0000000000000000       0.5000000000000000       0.5000000000000000
      T
       6.9003493010339998       0.0000000000000000       0.0000000000000000
       0.0000000000000000       6.9003493010339998       0.0000000000000000
       0.0000000000000000       0.0000000000000000       6.9003493010339998

       2.5596728216439999       0.0000000000000000       0.0000000000000000
       0.0000000000000000       2.5596728216439999       0.0000000000000000
       0.0000000000000000       0.0000000000000000       2.5596728216439999

       7.7710800169810001       0.0000000000000000       0.0000000000000000
       0.0000000000000000       7.7710800169810001       0.0000000000000000
       0.0000000000000000       0.0000000000000000       7.7710800169810001

      -2.1660385381500000       0.0000000000000000       0.0000000000000000
       0.0000000000000000      -6.2506922562179996       0.0000000000000000
       0.0000000000000000       0.0000000000000000      -2.1660385381500000

      -2.1660385381500000       0.0000000000000000       0.0000000000000000
       0.0000000000000000      -2.1660385381500000       0.0000000000000000
       0.0000000000000000       0.0000000000000000      -6.2506922562179996

      -6.2506922562179996       0.0000000000000000       0.0000000000000000
       0.0000000000000000      -2.1660385381500000       0.0000000000000000
       0.0000000000000000       0.0000000000000000      -2.1660385381500000

        2        2        2  periodic    
        1        1           1        1
        8
   0   0   0    4.384476024400787E-02
   0   0   1    5.466015730704260E-03
   0   1   0    5.466015730704253E-03
   0   1   1    3.142705130778637E-03
   1   0   0   -2.155052765973865E-02
   1   0   1   -7.288062867265273E-03
   1   1   0   -7.288062867265266E-03
   1   1   1   -3.454914799928006E-03
        1        2           1        1
        8
   0   0   0   -2.669296327072135E-19
   0   0   1   -5.168587392725075E-19
   0   1   0   -1.652029609754422E-19
   0   1   1    1.332291215778174E-19
   1   0   0    2.093477291110190E-19
   1   0   1    8.273229910159634E-19
   1   1   0   -2.564839959318939E-19
   1   1   1   -2.521973392024909E-19
        1        3           1        1
        8
   0   0   0    3.343612928449597E-19
   0   0   1   -3.459649824778536E-19
   0   1   0   -1.224061870455970E-20
   0   1   1    6.354401465632359E-21
   1   0   0   -3.303709735700039E-19
   1   0   1    8.108851544857330E-20
   1   1   0    1.177160729724214E-19
   1   1   1    1.067046446581155E-19
        2        1           1        1
        8
   0   0   0    1.225515123394649E-19
   0   0   1   -8.205695266035625E-19
   0   1   0    1.479889705366957E-19
   0   1   1    4.448844617045614E-19
   1   0   0    8.895805330246139E-20
   1   0   1    7.048673282299780E-19
   1   1   0   -1.245008668505227E-19
   1   1   1   -5.690371372159876E-19
        2        2           1        1
        8
   0   0   0    4.384476024400785E-02
   0   0   1    5.466015730704271E-03
   0   1   0   -2.155052765973860E-02
   0   1   1   -7.288062867265284E-03
   1   0   0    5.466015730704247E-03
   1   0   1    3.142705130778643E-03
   1   1   0   -7.288062867265266E-03
   1   1   1   -3.454914799928012E-03
        2        3           1        1
        8
   0   0   0    2.258930991208812E-19
   0   0   1   -2.390717406400761E-19
   0   1   0   -2.228490744666861E-19
   0   1   1   -2.522239123796692E-20
   1   0   0    9.856353306936857E-20
   1   0   1   -1.055548636066668E-19
   1   1   0    8.394228856188125E-21
   1   1   1    2.174955615422429E-19
        3        1           1        1
        8
   0   0   0   -2.127889038568162E-19
   0   0   1    1.445431945987412E-19
   0   1   0   -3.888327905428017E-19
   0   1   1    3.824204864342906E-19
   1   0   0    2.613113185891768E-19
   1   0   1   -7.850440321495764E-20
   1   1   0    3.920654123766590E-19
   1   1   1   -1.673303661133520E-19
        3        2           1        1
        8
   0   0   0    8.560409441250028E-20
   0   0   1    6.461107764651699E-21
   0   1   0    1.601173511718896E-20
   0   1   1    1.147522848376439E-19
   1   0   0   -2.525307963869264E-19
   1   0   1    8.142683231910749E-20
   1   1   0    2.022564131171785E-19
   1   1   1    7.890227708959565E-20
        3        3           1        1
        8
   0   0   0    4.384476024400785E-02
   0   0   1   -2.155052765973860E-02
   0   1   0    5.466015730704278E-03
   0   1   1   -7.288062867265290E-03
   1   0   0    5.466015730704257E-03
   1   0   1   -7.288062867265270E-03
   1   1   0    3.142705130778638E-03
   1   1   1   -3.454914799928007E-03
        1        1           1        2
        8
   0   0   0   -2.211231783168746E-03
   0   0   1   -2.211231783168749E-03
   0   1   0   -2.211231783168748E-03
   0   1   1   -2.211231783168750E-03
   1   0   0   -2.211231783168746E-03
   1   0   1   -2.211231783168745E-03
   1   1   0   -2.211231783168746E-03
   1   1   1   -2.211231783168745E-03
        1        2           1        2
        8
   0   0   0   -8.470098268226280E-03
   0   0   1   -8.470098268226285E-03
   0   1   0    8.470098268226282E-03
   0   1   1    8.470098268226285E-03
   1   0   0    8.470098268226282E-03
   1   0   1    8.470098268226285E-03
   1   1   0   -8.470098268226282E-03
   1   1   1   -8.470098268226285E-03
        1        3           1        2
        8
   0   0   0   -8.470098268226282E-03
   0   0   1    8.470098268226282E-03
   0   1   0   -8.470098268226284E-03
   0   1   1    8.470098268226285E-03
   1   0   0    8.470098268226282E-03
   1   0   1   -8.470098268226282E-03
   1   1   0    8.470098268226285E-03
   1   1   1   -8.470098268226287E-03
        2        1           1        2
        8
   0   0   0   -8.470098268226280E-03
   0   0   1   -8.470098268226285E-03
   0   1   0    8.470098268226282E-03
   0   1   1    8.470098268226285E-03
   1   0   0    8.470098268226282E-03
   1   0   1    8.470098268226285E-03
   1   1   0   -8.470098268226282E-03
   1   1   1   -8.470098268226285E-03
        2        2           1        2
        8
   0   0   0   -2.211231783168748E-03
   0   0   1   -2.211231783168749E-03
   0   1   0   -2.211231783168746E-03
   0   1   1   -2.211231783168747E-03
   1   0   0   -2.211231783168749E-03
   1   0   1   -2.211231783168750E-03
   1   1   0   -2.211231783168747E-03
   1   1   1   -2.211231783168747E-03
        2        3           1        2
        8
   0   0   0   -8.470098268226284E-03
   0   0   1    8.470098268226284E-03
   0   1   0    8.470098268226284E-03
   0   1   1   -8.470098268226284E-03
   1   0   0   -8.470098268226287E-03
   1   0   1    8.470098268226287E-03
   1   1   0    8.470098268226287E-03
   1   1   1   -8.470098268226287E-03
        3        1           1        2
        8
   0   0   0   -8.470098268226282E-03
   0   0   1    8.470098268226282E-03
   0   1   0   -8.470098268226284E-03
   0   1   1    8.470098268226285E-03
   1   0   0    8.470098268226282E-03
   1   0   1   -8.470098268226282E-03
   1   1   0    8.470098268226285E-03
   1   1   1   -8.470098268226287E-03
        3        2           1        2
        8
   0   0   0   -8.470098268226284E-03
   0   0   1    8.470098268226284E-03
   0   1   0    8.470098268226284E-03
   0   1   1   -8.470098268226284E-03
   1   0   0   -8.470098268226287E-03
   1   0   1    8.470098268226287E-03
   1   1   0    8.470098268226287E-03
   1   1   1   -8.470098268226287E-03
        3        3           1        2
        8
   0   0   0   -2.211231783168747E-03
   0   0   1   -2.211231783168744E-03
   0   1   0   -2.211231783168748E-03
   0   1   1   -2.211231783168745E-03
   1   0   0   -2.211231783168748E-03
   1   0   1   -2.211231783168745E-03
   1   1   0   -2.211231783168749E-03
   1   1   1   -2.211231783168746E-03
        1        1           1        3
        8
   0   0   0   -1.634728483433236E-03
   0   0   1   -1.634728483433235E-03
   0   1   0    4.420708471811880E-06
   0   1   1    4.420708471811922E-06
   1   0   0   -1.634728483433237E-03
   1   0   1   -1.634728483433236E-03
   1   1   0    4.420708471811379E-06
   1   1   1    4.420708471811601E-06
        1        2           1        3
        8
   0   0   0   -5.804988102774633E-20
   0   0   1   -5.163261383555945E-21
   0   1   0   -2.274581248398322E-20
   0   1   1   -6.483276205068128E-20
   1   0   0   -5.163261383556083E-21
   1   0   1   -5.804988102774645E-20
   1   1   0   -6.483276205068111E-20
   1   1   1   -2.274581248398307E-20
        1        3           1        3
        8
   0   0   0   -5.434415512858068E-04
   0   0   1    5.434415512858062E-04
   0   1   0    2.067308322375554E-03
   0   1   1   -2.067308322375554E-03
   1   0   0    5.434415512858062E-04
   1   0   1   -5.434415512858055E-04
   1   1   0   -2.067308322375554E-03
   1   1   1    2.067308322375554E-03
        2        1           1        3
        8
   0   0   0   -3.367162760488981E-20
   0   0   1    7.073841803400357E-20
   0   1   0    9.281752294426893E-20
   0   1   1   -9.163713621015582E-20
   1   0   0    7.073841803400352E-20
   1   0   1   -3.367162760488983E-20
   1   1   0   -9.163713621015575E-20
   1   1   1    9.281752294426898E-20
        2        2           1        3
        8
   0   0   0    5.182497278718263E-03
   0   0   1    5.182497278718261E-03
   0   1   0   -3.192032822957345E-03
   0   1   1   -3.192032822957344E-03
   1   0   0    5.182497278718261E-03
   1   0   1    5.182497278718259E-03
   1   1   0   -3.192032822957344E-03
   1   1   1   -3.192032822957343E-03
        2        3           1        3
        8
   0   0   0    2.419006983350074E-19
   0   0   1   -1.956050538116396E-19
   0   1   0   -4.032340050073499E-19
   0   1   1    3.332214379608617E-19
   1   0   0   -1.956050538116396E-19
   1   0   1    2.419006983350074E-19
   1   1   0    3.332214379608617E-19
   1   1   1   -4.032340050073499E-19
        3        1           1        3
        8
   0   0   0   -5.434415512858068E-04
   0   0   1    5.434415512858062E-04
   0   1   0    2.067308322375554E-03
   0   1   1   -2.067308322375554E-03
   1   0   0    5.434415512858062E-04
   1   0   1   -5.434415512858055E-04
   1   1   0   -2.067308322375554E-03
   1   1   1    2.067308322375554E-03
        3        2           1        3
        8
   0   0   0    4.801220973053790E-19
   0   0   1   -4.802809159829891E-19
   0   1   0   -2.030629142144177E-19
   0   1   1    1.874457442494166E-19
   1   0   0   -4.802809159829891E-19
   1   0   1    4.801220973053790E-19
   1   1   0    1.874457442494165E-19
   1   1   1   -2.030629142144176E-19
        3        3           1        3
        8
   0   0   0   -1.634728483433236E-03
   0   0   1   -1.634728483433237E-03
   0   1   0    4.420708471811120E-06
   0   1   1    4.420708471810507E-06
   1   0   0   -1.634728483433235E-03
   1   0   1   -1.634728483433236E-03
   1   1   0    4.420708471810907E-06
   1   1   1    4.420708471810778E-06
        1        1           1        4
        8
   0   0   0   -1.634728483433236E-03
   0   0   1    4.420708471811720E-06
   0   1   0   -1.634728483433235E-03
   0   1   1    4.420708471811649E-06
   1   0   0   -1.634728483433237E-03
   1   0   1    4.420708471811208E-06
   1   1   0   -1.634728483433237E-03
   1   1   1    4.420708471811337E-06
        1        2           1        4
        8
   0   0   0   -5.434415512858049E-04
   0   0   1    2.067308322375555E-03
   0   1   0    5.434415512858043E-04
   0   1   1   -2.067308322375555E-03
   1   0   0    5.434415512858043E-04
   1   0   1   -2.067308322375555E-03
   1   1   0   -5.434415512858038E-04
   1   1   1    2.067308322375555E-03
        1        3           1        4
        8
   0   0   0    1.909033592098881E-19
   0   0   1   -1.135586632137298E-19
   0   1   0   -1.555860557763241E-19
   0   1   1    9.380559018596360E-20
   1   0   0   -1.555860557763240E-19
   1   0   1    9.380559018596349E-20
   1   1   0    1.909033592098882E-19
   1   1   1   -1.135586632137299E-19
        2        1           1        4
        8
   0   0   0   -5.434415512858049E-04
   0   0   1    2.067308322375555E-03
   0   1   0    5.434415512858043E-04
   0   1   1   -2.067308322375555E-03
   1   0   0    5.434415512858043E-04
   1   0   1   -2.067308322375555E-03
   1   1   0   -5.434415512858038E-04
   1   1   1    2.067308322375555E-03
        2        2           1        4
        8
   0   0   0   -1.634728483433236E-03
   0   0   1    4.420708471810919E-06
   0   1   0   -1.634728483433237E-03
   0   1   1    4.420708471810925E-06
   1   0   0   -1.634728483433235E-03
   1   0   1    4.420708471811365E-06
   1   1   0   -1.634728483433236E-03
   1   1   1    4.420708471810537E-06
        2        3           1        4
        8
   0   0   0    1.924369520655614E-19
   0   0   1   -1.088453880834027E-19
   0   1   0   -1.574405947096679E-19
   0   1   1    8.962501937012048E-20
   1   0   0   -1.574405947096680E-19
   1   0   1    8.962501937012060E-20
   1   1   0    1.924369520655615E-19
   1   1   1   -1.088453880834028E-19
        3        1           1        4
        8
   0   0   0   -4.150792313791090E-21
   0   0   1   -1.496038855863407E-20
   0   1   0    3.538678660501855E-21
   0   1   1    3.928942473504370E-20
   1   0   0    3.538678660501843E-21
   1   0   1    3.928942473504373E-20
   1   1   0   -4.150792313791102E-21
   1   1   1   -1.496038855863403E-20
        3        2           1        4
        8
   0   0   0   -3.971294120867080E-21
   0   0   1   -1.540458454757505E-20
   0   1   0    3.135841702188516E-21
   0   1   1    3.995695948937403E-20
   1   0   0    3.135841702188534E-21
   1   0   1    3.995695948937399E-20
   1   1   0   -3.971294120867098E-21
   1   1   1   -1.540458454757501E-20
        3        3           1        4
        8
   0   0   0    5.182497278718265E-03
   0   0   1   -3.192032822957346E-03
   0   1   0    5.182497278718261E-03
   0   1   1   -3.192032822957344E-03
   1   0   0    5.182497278718261E-03
   1   0   1   -3.192032822957344E-03
   1   1   0    5.182497278718261E-03
   1   1   1   -3.192032822957344E-03
        1        1           1        5
        8
   0   0   0    5.182497278718268E-03
   0   0   1    5.182497278718266E-03
   0   1   0    5.182497278718266E-03
   0   1   1    5.182497278718263E-03
   1   0   0   -3.192032822957353E-03
   1   0   1   -3.192032822957352E-03
   1   1   0   -3.192032822957352E-03
   1   1   1   -3.192032822957350E-03
        1        2           1        5
        8
   0   0   0   -9.795348736761071E-20
   0   0   1    5.702169552634296E-21
   0   1   0    5.702169552634296E-21
   0   1   1   -9.795348736761071E-20
   1   0   0    1.238665744170594E-19
   1   0   1   -5.964840756150510E-20
   1   1   0   -5.964840756150510E-20
   1   1   1    1.238665744170594E-19
        1        3           1        5
        8
   0   0   0    8.040691862382961E-20
   0   0   1   -3.369106634928485E-20
   0   1   0   -3.369106634928482E-20
   0   1   1    8.040691862382958E-20
   1   0   0   -9.589173969082232E-20
   1   0   1    2.545896489315715E-20
   1   1   0    2.545896489315705E-20
   1   1   1   -9.589173969082221E-20
        2        1           1        5
        8
   0   0   0    8.385460741695065E-20
   0   0   1    1.437292488759890E-19
   0   1   0    1.437292488759889E-19
   0   1   1    8.385460741695057E-20
   1   0   0   -1.103343131859982E-19
   1   0   1   -1.454332409378483E-19
   1   1   0   -1.454332409378481E-19
   1   1   1   -1.103343131859981E-19
        2        2           1        5
        8
   0   0   0   -1.634728483433236E-03
   0   0   1   -1.634728483433235E-03
   0   1   0   -1.634728483433237E-03
   0   1   1   -1.634728483433236E-03
   1   0   0    4.420708471811326E-06
   1   0   1    4.420708471811351E-06
   1   1   0    4.420708471810848E-06
   1   1   1    4.420708471811087E-06
        2        3           1        5
        8
   0   0   0   -5.434415512858070E-04
   0   0   1    5.434415512858065E-04
   0   1   0    5.434415512858065E-04
   0   1   1   -5.434415512858059E-04
   1   0   0    2.067308322375555E-03
   1   0   1   -2.067308322375555E-03
   1   1   0   -2.067308322375555E-03
   1   1   1    2.067308322375555E-03
        3        1           1        5
        8
   0   0   0    3.088394622252486E-19
   0   0   1   -3.056035316689412E-19
   0   1   0   -3.056035316689412E-19
   0   1   1    3.088394622252486E-19
   1   0   0   -2.452755952342240E-20
   1   0   1    5.515640324503661E-21
   1   1   0    5.515640324503564E-21
   1   1   1   -2.452755952342230E-20
        3        2           1        5
        8
   0   0   0   -5.434415512858070E-04
   0   0   1    5.434415512858065E-04
   0   1   0    5.434415512858065E-04
   0   1   1   -5.434415512858059E-04
   1   0   0    2.067308322375555E-03
   1   0   1   -2.067308322375555E-03
   1   1   0   -2.067308322375555E-03
   1   1   1    2.067308322375555E-03
        3        3           1        5
        8
   0   0   0   -1.634728483433236E-03
   0   0   1   -1.634728483433237E-03
   0   1   0   -1.634728483433235E-03
   0   1   1   -1.634728483433236E-03
   1   0   0    4.420708471811285E-06
   1   0   1    4.420708471810672E-06
   1   1   0    4.420708471811175E-06
   1   1   1    4.420708471811047E-06
        1        1           2        1
        8
   0   0   0   -2.211231783168747E-03
   0   0   1   -2.211231783168748E-03
   0   1   0   -2.211231783168749E-03
   0   1   1   -2.211231783168750E-03
   1   0   0   -2.211231783168745E-03
   1   0   1   -2.211231783168746E-03
   1   1   0   -2.211231783168745E-03
   1   1   1   -2.211231783168746E-03
        1        2           2        1
        8
   0   0   0   -8.470098268226282E-03
   0   0   1   -8.470098268226285E-03
   0   1   0    8.470098268226282E-03
   0   1   1    8.470098268226285E-03
   1   0   0    8.470098268226282E-03
   1   0   1    8.470098268226285E-03
   1   1   0   -8.470098268226284E-03
   1   1   1   -8.470098268226285E-03
        1        3           2        1
        8
   0   0   0   -8.470098268226280E-03
   0   0   1    8.470098268226280E-03
   0   1   0   -8.470098268226282E-03
   0   1   1    8.470098268226284E-03
   1   0   0    8.470098268226280E-03
   1   0   1   -8.470098268226280E-03
   1   1   0    8.470098268226284E-03
   1   1   1   -8.470098268226285E-03
        2        1           2        1
        8
   0   0   0   -8.470098268226282E-03
   0   0   1   -8.470098268226285E-03
   0   1   0    8.470098268226282E-03
   0   1   1    8.470098268226285E-03
   1   0   0    8.470098268226282E-03
   1   0   1    8.470098268226285E-03
   1   1   0   -8.470098268226284E-03
   1   1   1   -8.470098268226285E-03
        2        2           2        1
        8
   0   0   0   -2.211231783168748E-03
   0   0   1   -2.211231783168749E-03
   0   1   0   -2.211231783168746E-03
   0   1   1   -2.211231783168747E-03
   1   0   0   -2.211231783168749E-03
   1   0   1   -2.211231783168750E-03
   1   1   0   -2.211231783168747E-03
   1   1   1   -2.211231783168747E-03
        2        3           2        1
        8
   0   0   0   -8.470098268226284E-03
   0   0   1    8.470098268226284E-03
   0   1   0    8.470098268226284E-03
   0   1   1   -8.470098268226284E-03
   1   0   0   -8.470098268226287E-03
   1   0   1    8.470098268226287E-03
   1   1   0    8.470098268226287E-03
   1   1   1   -8.470098268226287E-03
        3        1           2        1
        8
   0   0   0   -8.470098268226280E-03
   0   0   1    8.470098268226280E-03
   0   1   0   -8.470098268226282E-03
   0   1   1    8.470098268226284E-03
   1   0   0    8.470098268226280E-03
   1   0   1   -8.470098268226280E-03
   1   1   0    8.470098268226284E-03
   1   1   1   -8.470098268226285E-03
        3        2           2        1
        8
   0   0   0   -8.470098268226284E-03
   0   0   1    8.470098268226284E-03
   0   1   0    8.470098268226284E-03
   0   1   1   -8.470098268226284E-03
   1   0   0   -8.470098268226287E-03
   1   0   1    8.470098268226287E-03
   1   1   0    8.470098268226287E-03
   1   1   1   -8.470098268226287E-03
        3        3           2        1
        8
   0   0   0   -2.211231783168747E-03
   0   0   1   -2.211231783168744E-03
   0   1   0   -2.211231783168748E-03
   0   1   1   -2.211231783168746E-03
   1   0   0   -2.211231783168748E-03
   1   0   1   -2.211231783168746E-03
   1   1   0   -2.211231783168748E-03
   1   1   1   -2.211231783168746E-03
        1        1           2        2
        8
   0   0   0    2.563322927527183E-01
   0   0   1   -6.161165210487270E-02
   0   1   0   -6.161165210487272E-02
   0   1   1   -2.204924459971010E-02
   1   0   0   -1.518432734421270E-01
   1   0   1    3.183366495249499E-02
   1   1   0    3.183366495249502E-02
   1   1   1    1.382669999277987E-02
        1        2           2        2
        8
   0   0   0   -3.305957185424346E-18
   0   0   1   -1.720713517941996E-18
   0   1   0    3.173189734025910E-18
   0   1   1   -7.021762512034016E-19
   1   0   0    4.755870795970570E-18
   1   0   1   -5.120173545448112E-19
   1   1   0   -4.870268220325428E-18
   1   1   1    7.620988691379680E-19
        1        3           2        2
        8
   0   0   0   -2.120494043891938E-19
   0   0   1    1.038462393333772E-18
   0   1   0   -5.364630231875908E-19
   0   1   1   -5.929230630780102E-20
   1   0   0    2.188521377468299E-19
   1   0   1   -1.196884024249928E-18
   1   1   0   -9.942049218397350E-20
   1   1   1    1.640861637509190E-19
        2        1           2        2
        8
   0   0   0   -3.223786510939400E-18
   0   0   1   -9.033219675530745E-19
   0   1   0    4.072111927900815E-18
   0   1   1    1.730252978356264E-19
   1   0   0    2.100219226692803E-18
   1   0   1    3.864776005437101E-19
   1   1   0   -3.971557784687337E-18
   1   1   1    1.637088659940182E-18
        2        2           2        2
        8
   0   0   0    2.563322927527183E-01
   0   0   1   -6.161165210487263E-02
   0   1   0   -1.518432734421270E-01
   0   1   1    3.183366495249493E-02
   1   0   0   -6.161165210487270E-02
   1   0   1   -2.204924459971006E-02
   1   1   0    3.183366495249500E-02
   1   1   1    1.382669999277977E-02
        2        3           2        2
        8
   0   0   0   -5.690340869874788E-20
   0   0   1    1.205771252751198E-18
   0   1   0    6.784866256404954E-20
   0   1   1   -1.365635486655646E-18
   1   0   0   -8.177242837903215E-19
   1   0   1   -3.298730108412470E-19
   1   1   0    1.822245802229818E-19
   1   1   1    4.332772048552759E-19
        3        1           2        2
        8
   0   0   0    1.750631813517427E-18
   0   0   1   -1.277643321814705E-18
   0   1   0    1.052676664979883E-18
   0   1   1   -1.983221766877537E-18
   1   0   0   -8.067988822597211E-19
   1   0   1    1.223618501647642E-18
   1   1   0   -1.607033259178221E-18
   1   1   1    2.217823423487377E-18
        3        2           2        2
        8
   0   0   0   -2.562737886587288E-19
   0   0   1    1.724969362193582E-19
   0   1   0    1.195778910951557E-18
   0   1   1   -2.296584252692226E-19
   1   0   0   -5.707083005472861E-19
   1   0   1   -4.770516028715821E-20
   1   1   0    2.351178173120726E-20
   1   1   1    2.809171534679086E-19
        3        3           2        2
        8
   0   0   0    2.563322927527183E-01
   0   0   1   -1.518432734421270E-01
   0   1   0   -6.161165210487264E-02
   0   1   1    3.183366495249487E-02
   1   0   0   -6.161165210487270E-02
   1   0   1    3.183366495249497E-02
   1   1   0   -2.204924459971001E-02
   1   1   1    1.382669999277975E-02
        1        1           2        3
        8
   0   0   0    2.413238945717104E-02
   0   0   1    6.151086645549373E-03
   0   1   0    2.413238945717104E-02
   0   1   1    6.151086645549373E-03
   1   0   0    7.917863119252546E-03
   1   0   1   -6.788465786812544E-03
   1   1   0    7.917863119252553E-03
   1   1   1   -6.788465786812544E-03
        1        2           2        3
        8
   0   0   0    6.459949711794130E-20
   0   0   1    2.007203387196675E-19
   0   1   0    6.459949711794094E-20
   0   1   1    2.007203387196672E-19
   1   0   0   -2.940660164850517E-19
   1   0   1   -4.573713217377210E-19
   1   1   0   -2.940660164850512E-19
   1   1   1   -4.573713217377198E-19
        1        3           2        3
        8
   0   0   0    3.432799542095064E-20
   0   0   1   -7.281505496181791E-20
   0   1   0    3.432799542095065E-20
   0   1   1   -7.281505496181793E-20
   1   0   0   -1.268200227941800E-19
   1   0   1    1.167648152679852E-20
   1   1   0   -1.268200227941800E-19
   1   1   1    1.167648152679857E-20
        2        1           2        3
        8
   0   0   0   -8.921804650874446E-20
   0   0   1   -1.629430001443707E-19
   0   1   0   -8.921804650874440E-20
   0   1   1   -1.629430001443707E-19
   1   0   0    9.031157927854003E-21
   1   0   1    2.171564174910961E-19
   1   1   0    9.031157927853837E-21
   1   1   1    2.171564174910962E-19
        2        2           2        3
        8
   0   0   0   -9.257699828971261E-02
   0   0   1   -1.556172369617253E-03
   0   1   0   -9.257699828971262E-02
   0   1   1   -1.556172369617256E-03
   1   0   0   -1.556172369617243E-03
   1   0   1    2.054809184843228E-05
   1   1   0   -1.556172369617253E-03
   1   1   1    2.054809184843535E-05
        2        3           2        3
        8
   0   0   0    3.466383074964718E-20
   0   0   1    1.315217173959336E-21
   0   1   0    3.466383074964718E-20
   0   1   1    1.315217173959284E-21
   1   0   0    4.945382010209534E-20
   1   0   1    5.909212859956318E-20
   1   1   0    4.945382010209531E-20
   1   1   1    5.909212859956320E-20
        3        1           2        3
        8
   0   0   0    3.432799542095064E-20
   0   0   1   -7.282167240671833E-20
   0   1   0    3.432799542095065E-20
   0   1   1   -7.282167240671836E-20
   1   0   0   -1.268134053492795E-19
   1   0   1    1.167648152679852E-20
   1   1   0   -1.268134053492796E-19
   1   1   1    1.167648152679856E-20
        3        2           2        3
        8
   0   0   0    1.317467105225458E-19
   0   0   1   -8.850832554317402E-20
   0   1   0    1.317467105225457E-19
   0   1   1   -8.850832554317395E-20
   1   0   0    3.231364519326152E-19
   1   0   1   -5.069823061562010E-19
   1   1   0    3.231364519326152E-19
   1   1   1   -5.069823061562008E-19
        3        3           2        3
        8
   0   0   0    2.413238945717104E-02
   0   0   1    7.917863119252546E-03
   0   1   0    2.413238945717104E-02
   0   1   1    7.917863119252551E-03
   1   0   0    6.151086645549369E-03
   1   0   1   -6.788465786812546E-03
   1   1   0    6.151086645549371E-03
   1   1   1   -6.788465786812546E-03
        1        1           2        4
        8
   0   0   0    2.413238945717105E-02
   0   0   1    2.413238945717105E-02
   0   1   0    6.151086645549366E-03
   0   1   1    6.151086645549367E-03
   1   0   0    7.917863119252541E-03
   1   0   1    7.917863119252548E-03
   1   1   0   -6.788465786812539E-03
   1   1   1   -6.788465786812537E-03
        1        2           2        4
        8
   0   0   0   -2.476893082616535E-19
   0   0   1   -2.476893082616535E-19
   0   1   0    4.073914147660415E-19
   0   1   1    4.073914147660414E-19
   1   0   0    1.246875511750183E-19
   1   0   1    1.246875511750182E-19
   1   1   0   -2.349771966079386E-19
   1   1   1   -2.349771966079385E-19
        1        3           2        4
        8
   0   0   0   -1.595863012186305E-19
   0   0   1   -1.595863012186308E-19
   0   1   0    4.243105670152004E-20
   0   1   1    4.243105670152007E-20
   1   0   0    9.245894014872682E-20
   1   0   1    9.245894014872805E-20
   1   1   0    1.106701485146947E-19
   1   1   1    1.106701485146948E-19
        2        1           2        4
        8
   0   0   0   -2.476893082616535E-19
   0   0   1   -2.476893082616535E-19
   0   1   0    4.073847973211411E-19
   0   1   1    4.073847973211410E-19
   1   0   0    1.246941686199188E-19
   1   0   1    1.246941686199187E-19
   1   1   0   -2.349771966079386E-19
   1   1   1   -2.349771966079385E-19
        2        2           2        4
        8
   0   0   0    2.413238945717104E-02
   0   0   1    2.413238945717104E-02
   0   1   0    7.917863119252543E-03
   0   1   1    7.917863119252549E-03
   1   0   0    6.151086645549363E-03
   1   0   1    6.151086645549365E-03
   1   1   0   -6.788465786812544E-03
   1   1   1   -6.788465786812543E-03
        2        3           2        4
        8
   0   0   0   -1.514269916564075E-19
   0   0   1   -1.514269916564073E-19
   0   1   0    1.081886066770357E-19
   0   1   1    1.081886066770354E-19
   1   0   0    5.825336745843438E-20
   1   0   1    5.825336745843473E-20
   1   1   0    1.255924867651515E-19
   1   1   1    1.255924867651508E-19
        3        1           2        4
        8
   0   0   0   -2.040489135045806E-20
   0   0   1   -2.040489135045811E-20
   0   1   0   -2.739291316530603E-20
   0   1   1   -2.739291316530611E-20
   1   0   0   -1.554106934864634E-20
   1   0   1   -1.554106934864618E-20
   1   1   0   -8.097436452404106E-20
   1   1   1   -8.097436452404086E-20
        3        2           2        4
        8
   0   0   0   -6.431163826477276E-20
   0   0   1   -6.431163826477278E-20
   0   1   0    2.833259034116629E-20
   0   1   1    2.833259034116633E-20
   1   0   0    3.673012791980469E-20
   1   0   1    3.673012791980458E-20
   1   1   0   -1.452760766214632E-19
   1   1   1   -1.452760766214631E-19
        3        3           2        4
        8
   0   0   0   -9.257699828971258E-02
   0   0   1   -9.257699828971259E-02
   0   1   0   -1.556172369617282E-03
   0   1   1   -1.556172369617283E-03
   1   0   0   -1.556172369617273E-03
   1   0   1   -1.556172369617278E-03
   1   1   0    2.054809184845395E-05
   1   1   1    2.054809184845531E-05
        1        1           2        5
        8
   0   0   0   -9.257699828971259E-02
   0   0   1   -1.556172369617257E-03
   0   1   0   -1.556172369617260E-03
   0   1   1    2.054809184844439E-05
   1   0   0   -9.257699828971259E-02
   1   0   1   -1.556172369617260E-03
   1   1   0   -1.556172369617263E-03
   1   1   1    2.054809184844405E-05
        1        2           2        5
        8
   0   0   0   -2.377995368579695E-19
   0   0   1   -1.478502626877290E-20
   0   1   0    1.850750446138394E-19
   0   1   1   -6.053142286540539E-20
   1   0   0   -2.377995368579696E-19
   1   0   1   -1.478502626877273E-20
   1   1   0    1.850750446138397E-19
   1   1   1   -6.053142286540553E-20
        1        3           2        5
        8
   0   0   0    3.348757991859678E-20
   0   0   1    2.564259898914406E-21
   0   1   0    5.021648062686922E-20
   0   1   1    5.825667618088462E-20
   1   0   0    3.348757991859677E-20
   1   0   1    2.564259898914359E-21
   1   1   0    5.021648062686919E-20
   1   1   1    5.825667618088466E-20
        2        1           2        5
        8
   0   0   0   -4.286251410902777E-19
   0   0   1   -1.332753402945438E-20
   0   1   0    4.036376691462756E-19
   0   1   1    5.618210720460142E-20
   1   0   0   -4.286251410902779E-19
   1   0   1   -1.332753402945445E-20
   1   1   0    4.036376691462760E-19
   1   1   1    5.618210720460204E-20
        2        2           2        5
        8
   0   0   0    2.413238945717104E-02
   0   0   1    6.151086645549369E-03
   0   1   0    7.917863119252556E-03
   0   1   1   -6.788465786812555E-03
   1   0   0    2.413238945717104E-02
   1   0   1    6.151086645549369E-03
   1   1   0    7.917863119252563E-03
   1   1   1   -6.788465786812555E-03
        2        3           2        5
        8
   0   0   0    1.845109074360782E-20
   0   0   1   -8.573727049112131E-20
   0   1   0   -1.105096754758594E-19
   0   1   1    2.416525441512413E-20
   1   0   0    1.845109074360784E-20
   1   0   1   -8.573727049112133E-20
   1   1   0   -1.105096754758594E-19
   1   1   1    2.416525441512417E-20
        3        1           2        5
        8
   0   0   0    1.974910256082605E-19
   0   0   1   -1.307871810119844E-19
   0   1   0    3.926262408319699E-19
   0   1   1   -5.461509625218118E-19
   1   0   0    1.974910256082604E-19
   1   0   1   -1.307871810119842E-19
   1   1   0    3.926262408319699E-19
   1   1   1   -5.461509625218117E-19
        3        2           2        5
        8
   0   0   0    1.844943638238272E-20
   0   0   1   -8.573561612989620E-20
   0   1   0   -1.105113298370845E-19
   0   1   1    2.416690877634924E-20
   1   0   0    1.844943638238274E-20
   1   0   1   -8.573561612989622E-20
   1   1   0   -1.105113298370845E-19
   1   1   1    2.416690877634928E-20
        3        3           2        5
        8
   0   0   0    2.413238945717104E-02
   0   0   1    7.917863119252556E-03
   0   1   0    6.151086645549370E-03
   0   1   1   -6.788465786812554E-03
   1   0   0    2.413238945717104E-02
   1   0   1    7.917863119252563E-03
   1   1   0    6.151086645549370E-03
   1   1   1   -6.788465786812554E-03
        1        1           3        1
        8
   0   0   0   -1.634728483433236E-03
   0   0   1   -1.634728483433235E-03
   0   1   0    4.420708471812747E-06
   0   1   1    4.420708471812790E-06
   1   0   0   -1.634728483433237E-03
   1   0   1   -1.634728483433236E-03
   1   1   0    4.420708471812246E-06
   1   1   1    4.420708471812468E-06
        1        2           3        1
        8
   0   0   0   -3.024379114647005E-20
   0   0   1    7.411331493321993E-20
   0   1   0    8.946909582465425E-20
   0   1   1   -9.503850288897389E-20
   1   0   0    7.411331493321986E-20
   1   0   1   -3.024379114647010E-20
   1   1   0   -9.503850288897379E-20
   1   1   1    8.946909582465434E-20
        1        3           3        1
        8
   0   0   0   -5.434415512858068E-04
   0   0   1    5.434415512858062E-04
   0   1   0    2.067308322375554E-03
   0   1   1   -2.067308322375554E-03
   1   0   0    5.434415512858062E-04
   1   0   1   -5.434415512858055E-04
   1   1   0   -2.067308322375554E-03
   1   1   1    2.067308322375554E-03
        2        1           3        1
        8
   0   0   0   -4.431206541446564E-20
   0   0   1    8.574554229724742E-21
   0   1   0   -3.606011162363670E-20
   0   1   1   -7.814706119033477E-20
   1   0   0    8.574554229724649E-21
   1   0   1   -4.431206541446572E-20
   1   1   0   -7.814706119033474E-20
   1   1   1   -3.606011162363671E-20
        2        2           3        1
        8
   0   0   0    5.182497278718262E-03
   0   0   1    5.182497278718260E-03
   0   1   0   -3.192032822957346E-03
   0   1   1   -3.192032822957345E-03
   1   0   0    5.182497278718261E-03
   1   0   1    5.182497278718258E-03
   1   1   0   -3.192032822957345E-03
   1   1   1   -3.192032822957344E-03
        2        3           3        1
        8
   0   0   0    4.786397896476839E-19
   0   0   1   -4.787986083252941E-19
   0   1   0   -2.049687383457398E-19
   0   1   1    1.893515683807386E-19
   1   0   0   -4.787986083252941E-19
   1   0   1    4.786397896476840E-19
   1   1   0    1.893515683807387E-19
   1   1   1   -2.049687383457399E-19
        3        1           3        1
        8
   0   0   0   -5.434415512858068E-04
   0   0   1    5.434415512858062E-04
   0   1   0    2.067308322375554E-03
   0   1   1   -2.067308322375554E-03
   1   0   0    5.434415512858062E-04
   1   0   1   -5.434415512858055E-04
   1   1   0   -2.067308322375554E-03
   1   1   1    2.067308322375554E-03
        3        2           3        1
        8
   0   0   0    3.503473853631596E-19
   0   0   1   -3.040517408397917E-19
   0   1   0   -2.947873179791978E-19
   0   1   1    2.247747509327095E-19
   1   0   0   -3.040517408397917E-19
   1   0   1    3.503473853631596E-19
   1   1   0    2.247747509327095E-19
   1   1   1   -2.947873179791978E-19
        3        3           3        1
        8
   0   0   0   -1.634728483433236E-03
   0   0   1   -1.634728483433237E-03
   0   1   0    4.420708471812001E-06
   0   1   1    4.420708471811361E-06
   1   0   0   -1.634728483433235E-03
   1   0   1   -1.634728483433236E-03
   1   1   0    4.420708471811761E-06
   1   1   1    4.420708471811659E-06
        1        1           3        2
        8
   0   0   0    2.413238945717104E-02
   0   0   1    6.151086645549374E-03
   0   1   0    2.413238945717104E-02
   0   1   1    6.151086645549374E-03
   1   0   0    7.917863119252549E-03
   1   0   1   -6.788465786812549E-03
   1   1   0    7.917863119252556E-03
   1   1   1   -6.788465786812549E-03
        1        2           3        2
        8
   0   0   0   -1.905178930444384E-19
   0   0   1   -4.803768689340454E-20
   0   1   0   -1.905178930444385E-19
   0   1   1   -4.803768689340455E-20
   1   0   0    1.243599876524472E-19
   1   0   1    1.154330544817751E-19
   1   1   0    1.243599876524474E-19
   1   1   1    1.154330544817749E-19
        1        3           3        2
        8
   0   0   0    7.646457582440176E-21
   0   0   1   -4.614013456820787E-20
   0   1   0    7.646457582440201E-21
   0   1   1   -4.614013456820789E-20
   1   0   0   -9.928483456351479E-20
   1   0   1   -1.585208925896624E-20
   1   1   0   -9.928483456351483E-20
   1   1   1   -1.585208925896620E-20
        2        1           3        2
        8
   0   0   0    1.730130969215912E-19
   0   0   1    3.362522277252559E-19
   0   1   0    1.730130969215917E-19
   0   1   1    3.362522277252563E-19
   1   0   0   -1.854406584445877E-19
   1   0   1   -3.758377831195932E-19
   1   1   0   -1.854406584445883E-19
   1   1   1   -3.758377831195944E-19
        2        2           3        2
        8
   0   0   0   -9.257699828971261E-02
   0   0   1   -1.556172369617253E-03
   0   1   0   -9.257699828971262E-02
   0   1   1   -1.556172369617256E-03
   1   0   0   -1.556172369617243E-03
   1   0   1    2.054809184843228E-05
   1   1   0   -1.556172369617253E-03
   1   1   1    2.054809184843535E-05
        2        3           3        2
        8
   0   0   0    3.011466825285055E-19
   0   0   1   -4.108109794183349E-20
   0   1   0    3.011466825285055E-19
   0   1   1   -4.108109794183365E-20
   1   0   0    4.789971316723068E-19
   1   0   1   -4.459893165089908E-19
   1   1   0    4.789971316723069E-19
   1   1   1   -4.459893165089908E-19
        3        1           3        2
        8
   0   0   0    6.143304973308825E-20
   0   0   1   -9.992010927395552E-20
   0   1   0    6.143304973308827E-20
   0   1   1   -9.992010927395553E-20
   1   0   0   -1.539250771063176E-19
   1   0   1    3.878153583893613E-20
   1   1   0   -1.539250771063176E-19
   1   1   1    3.878153583893617E-20
        3        2           3        2
        8
   0   0   0    8.553874714410860E-20
   0   0   1   -4.955969922050209E-20
   0   1   0    8.553874714410858E-20
   0   1   1   -4.955969922050209E-20
   1   0   0   -1.421096292366076E-21
   1   0   1    1.099670449940246E-19
   1   1   0   -1.421096292366139E-21
   1   1   1    1.099670449940247E-19
        3        3           3        2
        8
   0   0   0    2.413238945717104E-02
   0   0   1    7.917863119252548E-03
   0   1   0    2.413238945717104E-02
   0   1   1    7.917863119252553E-03
   1   0   0    6.151086645549374E-03
   1   0   1   -6.788465786812552E-03
   1   1   0    6.151086645549375E-03
   1   1   1   -6.788465786812552E-03
        1        1           3        3
        8
   0   0   0    2.816311626727708E-02
   0   0   1   -4.026811258524658E-04
   0   1   0   -1.406300862585244E-02
   0   1   1   -1.589417026802360E-03
   1   0   0    4.055119258586140E-03
   1   0   1   -3.630778816210370E-03
   1   1   0   -9.215416316210381E-03
   1   1   1    6.413016021575855E-04
        1        2           3        3
        8
   0   0   0    4.737665584664043E-19
   0   0   1   -3.855758702784507E-19
   0   1   0   -8.533917948157252E-19
   0   1   1    6.762163250517671E-19
   1   0   0    1.248763551498335E-20
   1   0   1    9.737366477748401E-19
   1   1   0    4.572229462153438E-19
   1   1   1   -7.604144192180803E-19
        1        3           3        3
        8
   0   0   0    8.349064794742730E-20
   0   0   1   -1.821732950250035E-19
   0   1   0    1.911498590324290E-19
   0   1   1   -4.101657785405443E-20
   1   0   0   -2.232047621300839E-19
   1   0   1    5.814252525635232E-20
   1   1   0   -2.565368320935207E-19
   1   1   1   -7.306155478435872E-20
        2        1           3        3
        8
   0   0   0    6.789065231989427E-19
   0   0   1   -7.131187133341359E-19
   0   1   0   -1.871645338604214E-18
   0   1   1    1.035895134905137E-18
   1   0   0    5.471934168887818E-20
   1   0   1    1.072529309873886E-18
   1   1   0    6.444693399371350E-19
   1   1   1   -1.391089178272398E-18
        2        2           3        3
        8
   0   0   0    3.990886116223144E-01
   0   0   1   -1.395723966726001E-02
   0   1   0   -3.865708266105584E-02
   0   1   1   -2.849150896367947E-04
   1   0   0   -1.395723966726012E-02
   1   0   1   -9.038622744451559E-03
   1   1   0   -2.849150896366559E-04
   1   1   1    8.499688365952253E-03
        2        3           3        3
        8
   0   0   0   -2.138658930143602E-19
   0   0   1    5.881915899742069E-20
   0   1   0    4.200588586666785E-19
   0   1   1   -4.827790014328993E-19
   1   0   0    9.289139017296994E-19
   1   0   1   -3.591386609133731E-19
   1   1   0   -3.341710413040725E-19
   1   1   1   -2.285367683586007E-19
        3        1           3        3
        8
   0   0   0   -1.094475755693413E-19
   0   0   1    8.694164546299853E-20
   0   1   0    2.184402018017784E-19
   0   1   1    3.670117659836528E-19
   1   0   0    4.499515116431198E-19
   1   0   1   -1.822295433066571E-19
   1   1   0   -3.084407611699981E-19
   1   1   1   -7.626439811616405E-20
        3        2           3        3
        8
   0   0   0    2.408749943754417E-20
   0   0   1    6.782881022934827E-20
   0   1   0    1.088900558364806E-19
   0   1   1   -2.091443460779075E-19
   1   0   0    1.123245097398007E-19
   1   0   1    4.203401000749465E-20
   1   1   0   -4.311265352626380E-20
   1   1   1   -2.505033767055589E-19
        3        3           3        3
        8
   0   0   0    2.816311626727705E-02
   0   0   1    4.055119258586155E-03
   0   1   0   -1.406300862585243E-02
   0   1   1   -9.215416316210381E-03
   1   0   0   -4.026811258524446E-04
   1   0   1   -3.630778816210371E-03
   1   1   0   -1.589417026802348E-03
   1   1   1    6.413016021575711E-04
        1        1           3        4
        8
   0   0   0    1.510289614440369E-03
   0   0   1    1.510289614440370E-03
   0   1   0    1.510289614440370E-03
   0   1   1    1.510289614440370E-03
   1   0   0    1.377360515894081E-03
   1   0   1    1.377360515894080E-03
   1   1   0    1.377360515894080E-03
   1   1   1    1.377360515894080E-03
        1        2           3        4
        8
   0   0   0    5.252472812619843E-20
   0   0   1   -2.248400982011012E-20
   0   1   0   -2.248400982011010E-20
   0   1   1    5.252472812619845E-20
   1   0   0   -4.149262029657867E-20
   1   0   1    6.146365541575299E-21
   1   1   0    6.146365541575221E-21
   1   1   1   -4.149262029657875E-20
        1        3           3        4
        8
   0   0   0   -2.324377521274008E-19
   0   0   1    3.053222902606732E-19
   0   1   0    3.053222902606732E-19
   0   1   1   -2.324377521274007E-19
   1   0   0   -1.237925417522358E-19
   1   0   1   -6.090034541860423E-20
   1   1   0   -6.090034541860404E-20
   1   1   1   -1.237925417522361E-19
        2        1           3        4
        8
   0   0   0    1.915237446693029E-19
   0   0   1    1.532616782550501E-19
   0   1   0    1.532616782550500E-19
   0   1   1    1.915237446693028E-19
   1   0   0   -1.702652029266902E-19
   1   0   1   -1.505849217928285E-19
   1   1   0   -1.505849217928284E-19
   1   1   1   -1.702652029266900E-19
        2        2           3        4
        8
   0   0   0   -1.851498574507661E-02
   0   0   1   -1.851498574507661E-02
   0   1   0   -1.851498574507660E-02
   0   1   1   -1.851498574507660E-02
   1   0   0    6.264536785018799E-05
   1   0   1    6.264536785018897E-05
   1   1   0    6.264536785019049E-05
   1   1   1    6.264536785019098E-05
        2        3           3        4
        8
   0   0   0   -1.835273036792495E-02
   0   0   1    1.835273036792495E-02
   0   1   0    1.835273036792495E-02
   0   1   1   -1.835273036792494E-02
   1   0   0   -3.860507695145248E-03
   1   0   1    3.860507695145250E-03
   1   1   0    3.860507695145250E-03
   1   1   1   -3.860507695145251E-03
        3        1           3        4
        8
   0   0   0   -2.245299054713938E-20
   0   0   1    9.985724354740150E-20
   0   1   0    9.985724354740150E-20
   0   1   1   -2.245299054713938E-20
   1   0   0    9.816979509779332E-20
   1   0   1   -1.500571805620196E-19
   1   1   0   -1.500571805620196E-19
   1   1   1    9.816979509779334E-20
        3        2           3        4
        8
   0   0   0    2.167976942702059E-02
   0   0   1   -2.167976942702059E-02
   0   1   0   -2.167976942702059E-02
   0   1   1    2.167976942702059E-02
   1   0   0    7.579445334292452E-05
   1   0   1   -7.579445334292452E-05
   1   1   0   -7.579445334292452E-05
   1   1   1    7.579445334292452E-05
        3        3           3        4
        8
   0   0   0   -1.851498574507661E-02
   0   0   1   -1.851498574507660E-02
   0   1   0   -1.851498574507661E-02
   0   1   1   -1.851498574507660E-02
   1   0   0    6.264536785018826E-05
   1   0   1    6.264536785019022E-05
   1   1   0    6.264536785018870E-05
   1   1   1    6.264536785019125E-05
        1        1           3        5
        8
   0   0   0   -1.851498574507660E-02
   0   0   1    6.264536785018912E-05
   0   1   0   -1.851498574507660E-02
   0   1   1    6.264536785018909E-05
   1   0   0   -1.851498574507660E-02
   1   0   1    6.264536785019018E-05
   1   1   0   -1.851498574507660E-02
   1   1   1    6.264536785019004E-05
        1        2           3        5
        8
   0   0   0    2.167976942702059E-02
   0   0   1    7.579445334291932E-05
   0   1   0   -2.167976942702059E-02
   0   1   1   -7.579445334291932E-05
   1   0   0   -2.167976942702059E-02
   1   0   1   -7.579445334291932E-05
   1   1   0    2.167976942702059E-02
   1   1   1    7.579445334291932E-05
        1        3           3        5
        8
   0   0   0    9.053988112760421E-20
   0   0   1   -1.083805125791479E-19
   0   1   0   -3.759370447931000E-20
   0   1   1    2.991746839481788E-20
   1   0   0   -3.759370447931002E-20
   1   0   1    2.991746839481794E-20
   1   1   0    9.053988112760419E-20
   1   1   1   -1.083805125791479E-19
        2        1           3        5
        8
   0   0   0   -1.835273036792495E-02
   0   0   1   -3.860507695145251E-03
   0   1   0    1.835273036792494E-02
   0   1   1    3.860507695145251E-03
   1   0   0    1.835273036792494E-02
   1   0   1    3.860507695145251E-03
   1   1   0   -1.835273036792493E-02
   1   1   1   -3.860507695145251E-03
        2        2           3        5
        8
   0   0   0   -1.851498574507660E-02
   0   0   1    6.264536785018925E-05
   0   1   0   -1.851498574507660E-02
   0   1   1    6.264536785019004E-05
   1   0   0   -1.851498574507660E-02
   1   0   1    6.264536785018896E-05
   1   1   0   -1.851498574507660E-02
   1   1   1    6.264536785019018E-05
        2        3           3        5
        8
   0   0   0    4.489936364937852E-21
   0   0   1    4.072044719476043E-20
   0   1   0   -6.471530240369867E-20
   0   1   1    1.446540368008233E-19
   1   0   0   -6.471530240369866E-20
   1   0   1    1.446540368008233E-19
   1   1   0    4.489936364937822E-21
   1   1   1    4.072044719476048E-20
        3        1           3        5
        8
   0   0   0    1.066136547907346E-19
   0   0   1   -7.569695221595267E-20
   0   1   0    4.440967272674694E-20
   0   1   1    3.648197373603873E-20
   1   0   0    4.440967272674695E-20
   1   0   1    3.648197373603874E-20
   1   1   0    1.066136547907346E-19
   1   1   1   -7.569695221595267E-20
        3        2           3        5
        8
   0   0   0    1.037590544968141E-19
   0   0   1   -9.436228273821174E-20
   0   1   0   -2.376572617926103E-20
   0   1   1    4.306219550889806E-20
   1   0   0   -2.376572617926103E-20
   1   0   1    4.306219550889807E-20
   1   1   0    1.037590544968141E-19
   1   1   1   -9.436228273821174E-20
        3        3           3        5
        8
   0   0   0    1.510289614440369E-03
   0   0   1    1.377360515894080E-03
   0   1   0    1.510289614440369E-03
   0   1   1    1.377360515894080E-03
   1   0   0    1.510289614440369E-03
   1   0   1    1.377360515894080E-03
   1   1   0    1.510289614440370E-03
   1   1   1    1.377360515894079E-03
        1        1           4        1
        8
   0   0   0   -1.634728483433236E-03
   0   0   1    4.420708471812479E-06
   0   1   0   -1.634728483433235E-03
   0   1   1    4.420708471812408E-06
   1   0   0   -1.634728483433237E-03
   1   0   1    4.420708471811967E-06
   1   1   0   -1.634728483433236E-03
   1   1   1    4.420708471812096E-06
        1        2           4        1
        8
   0   0   0   -5.434415512858050E-04
   0   0   1    2.067308322375555E-03
   0   1   0    5.434415512858043E-04
   0   1   1   -2.067308322375555E-03
   1   0   0    5.434415512858042E-04
   1   0   1   -2.067308322375555E-03
   1   1   0   -5.434415512858038E-04
   1   1   1    2.067308322375555E-03
        1        3           4        1
        8
   0   0   0   -7.538924102808291E-21
   0   0   1   -1.157225676961685E-20
   0   1   0    1.505468714846525E-22
   0   1   1    4.267755652406093E-20
   1   0   0    1.505468714846601E-22
   1   0   1    4.267755652406087E-20
   1   1   0   -7.538924102808288E-21
   1   1   1   -1.157225676961688E-20
        2        1           4        1
        8
   0   0   0   -5.434415512858050E-04
   0   0   1    2.067308322375555E-03
   0   1   0    5.434415512858043E-04
   0   1   1   -2.067308322375555E-03
   1   0   0    5.434415512858042E-04
   1   0   1   -2.067308322375555E-03
   1   1   0   -5.434415512858038E-04
   1   1   1    2.067308322375555E-03
        2        2           4        1
        8
   0   0   0   -1.634728483433236E-03
   0   0   1    4.420708471811800E-06
   0   1   0   -1.634728483433237E-03
   0   1   1    4.420708471811778E-06
   1   0   0   -1.634728483433235E-03
   1   0   1    4.420708471812219E-06
   1   1   0   -1.634728483433236E-03
   1   1   1    4.420708471811418E-06
        2        3           4        1
        8
   0   0   0   -7.359425909884281E-21
   0   0   1   -1.201645275855782E-20
   0   1   0   -2.522900868286659E-22
   0   1   1    4.334509127839117E-20
   1   0   0   -2.522900868286734E-22
   1   0   1    4.334509127839122E-20
   1   1   0   -7.359425909884284E-21
   1   1   1   -1.201645275855786E-20
        3        1           4        1
        8
   0   0   0    1.942385514397019E-19
   0   0   1   -1.101175918655093E-19
   0   1   0   -1.590271271245447E-19
   0   1   1    9.047039795614974E-20
   1   0   0   -1.590271271245447E-19
   1   0   1    9.047039795614975E-20
   1   1   0    1.942385514397020E-19
   1   1   1   -1.101175918655093E-19
        3        2           4        1
        8
   0   0   0    1.925428311839682E-19
   0   0   1   -1.089512672018095E-19
   0   1   0   -1.575464738280748E-19
   0   1   1    8.973089848852735E-20
   1   0   0   -1.575464738280748E-19
   1   0   1    8.973089848852735E-20
   1   1   0    1.925428311839683E-19
   1   1   1   -1.089512672018095E-19
        3        3           4        1
        8
   0   0   0    5.182497278718264E-03
   0   0   1   -3.192032822957347E-03
   0   1   0    5.182497278718261E-03
   0   1   1   -3.192032822957345E-03
   1   0   0    5.182497278718261E-03
   1   0   1   -3.192032822957345E-03
   1   1   0    5.182497278718261E-03
   1   1   1   -3.192032822957345E-03
        1        1           4        2
        8
   0   0   0    2.413238945717104E-02
   0   0   1    2.413238945717104E-02
   0   1   0    6.151086645549368E-03
   0   1   1    6.151086645549370E-03
   1   0   0    7.917863119252544E-03
   1   0   1    7.917863119252551E-03
   1   1   0   -6.788465786812545E-03
   1   1   1   -6.788465786812544E-03
        1        2           4        2
        8
   0   0   0   -2.092022487207863E-19
   0   0   1   -2.092022487207862E-19
   0   1   0    2.740829872469956E-19
   0   1   1    2.740829872469955E-19
   1   0   0    1.936744142619408E-19
   1   0   1    1.936744142619408E-19
   1   1   0   -3.987721927832389E-19
   1   1   1   -3.987721927832389E-19
        1        3           4        2
        8
   0   0   0    3.380521727381715E-20
   0   0   1    3.380521727381707E-20
   0   1   0   -8.160302178958130E-20
   0   1   1   -8.160302178958126E-20
   1   0   0   -6.975117797292151E-20
   1   0   1   -6.975117797292157E-20
   1   1   0   -2.676425589976579E-20
   1   1   1   -2.676425589976575E-20
        2        1           4        2
        8
   0   0   0   -2.075081828262777E-19
   0   0   1   -2.075081828262776E-19
   0   1   0    2.723425992381840E-19
   0   1   1    2.723425992381839E-19
   1   0   0    1.920266704817352E-19
   1   0   1    1.920266704817351E-19
   1   1   0   -3.970781268887303E-19
   1   1   1   -3.970781268887303E-19
        2        2           4        2
        8
   0   0   0    2.413238945717104E-02
   0   0   1    2.413238945717104E-02
   0   1   0    7.917863119252543E-03
   0   1   1    7.917863119252549E-03
   1   0   0    6.151086645549366E-03
   1   0   1    6.151086645549367E-03
   1   1   0   -6.788465786812549E-03
   1   1   1   -6.788465786812547E-03
        2        3           4        2
        8
   0   0   0    4.410857898377767E-20
   0   0   1    4.410857898377761E-20
   0   1   0   -8.008762690738418E-20
   0   1   1   -8.008762690738413E-20
   1   0   0   -7.169008932874579E-20
   1   0   1   -7.169008932874583E-20
   1   1   0   -3.685585937291271E-20
   1   1   1   -3.685585937291273E-20
        3        1           4        2
        8
   0   0   0   -1.595863012186305E-19
   0   0   1   -1.595863012186300E-19
   0   1   0    4.243105670152026E-20
   0   1   1    4.243105670152018E-20
   1   0   0    9.245894014872758E-20
   1   0   1    9.245894014872652E-20
   1   1   0    1.106701485146946E-19
   1   1   1    1.106701485146948E-19
        3        2           4        2
        8
   0   0   0   -2.598405914600575E-19
   0   0   1   -2.598405914600576E-19
   0   1   0   -2.249931266145070E-22
   0   1   1   -2.249931266142782E-22
   1   0   0   -5.017346723501633E-20
   1   0   1   -5.017346723501678E-20
   1   1   0    1.716565207170012E-20
   1   1   1    1.716565207170092E-20
        3        3           4        2
        8
   0   0   0   -9.257699828971258E-02
   0   0   1   -9.257699828971258E-02
   0   1   0   -1.556172369617279E-03
   0   1   1   -1.556172369617280E-03
   1   0   0   -1.556172369617273E-03
   1   0   1   -1.556172369617271E-03
   1   1   0    2.054809184845742E-05
   1   1   1    2.054809184845878E-05
        1        1           4        3
        8
   0   0   0    1.510289614440369E-03
   0   0   1    1.510289614440370E-03
   0   1   0    1.510289614440370E-03
   0   1   1    1.510289614440370E-03
   1   0   0    1.377360515894081E-03
   1   0   1    1.377360515894080E-03
   1   1   0    1.377360515894080E-03
   1   1   1    1.377360515894080E-03
        1        2           4        3
        8
   0   0   0    1.682237211749092E-19
   0   0   1    1.299748896504572E-19
   0   1   0    1.299748896504572E-19
   0   1   1    1.682237211749092E-19
   1   0   0   -1.943990244785373E-19
   1   0   1   -1.747319782344765E-19
   1   1   0   -1.747319782344764E-19
   1   1   1   -1.943990244785371E-19
        1        3           4        3
        8
   0   0   0   -2.330167785561879E-20
   0   0   1    1.007026221334307E-19
   0   1   0    1.007026221334307E-19
   0   1   1   -2.330167785561879E-20
   1   0   0    9.732441651176413E-20
   1   0   1   -1.492084932535402E-19
   1   1   0   -1.492084932535402E-19
   1   1   1    9.732441651176413E-20
        2        1           4        3
        8
   0   0   0    5.253299993232396E-20
   0   0   1   -2.247573801398459E-20
   0   1   0   -2.247573801398462E-20
   0   1   1    5.253299993232393E-20
   1   0   0   -4.150089210270425E-20
   1   0   1    6.138093735449718E-21
   1   1   0    6.138093735449787E-21
   1   1   1   -4.150089210270419E-20
        2        2           4        3
        8
   0   0   0   -1.851498574507661E-02
   0   0   1   -1.851498574507661E-02
   0   1   0   -1.851498574507660E-02
   0   1   1   -1.851498574507660E-02
   1   0   0    6.264536785018799E-05
   1   0   1    6.264536785018897E-05
   1   1   0    6.264536785019049E-05
   1   1   1    6.264536785019098E-05
        2        3           4        3
        8
   0   0   0    2.167976942702059E-02
   0   0   1   -2.167976942702059E-02
   0   1   0   -2.167976942702059E-02
   0   1   1    2.167976942702059E-02
   1   0   0    7.579445334292452E-05
   1   0   1   -7.579445334292452E-05
   1   1   0   -7.579445334292452E-05
   1   1   1    7.579445334292452E-05
        3        1           4        3
        8
   0   0   0   -1.561716996500117E-20
   0   0   1    8.850170809827359E-20
   0   1   0    8.850170809827355E-20
   0   1   1   -1.561716996500108E-20
   1   0   0    9.301480552036292E-20
   1   0   1   -2.777076926912030E-19
   1   1   0   -2.777076926912028E-19
   1   1   1    9.301480552036275E-20
        3        2           4        3
        8
   0   0   0   -1.835273036792495E-02
   0   0   1    1.835273036792495E-02
   0   1   0    1.835273036792495E-02
   0   1   1   -1.835273036792494E-02
   1   0   0   -3.860507695145248E-03
   1   0   1    3.860507695145250E-03
   1   1   0    3.860507695145250E-03
   1   1   1   -3.860507695145251E-03
        3        3           4        3
        8
   0   0   0   -1.851498574507661E-02
   0   0   1   -1.851498574507660E-02
   0   1   0   -1.851498574507661E-02
   0   1   1   -1.851498574507660E-02
   1   0   0    6.264536785018826E-05
   1   0   1    6.264536785019022E-05
   1   1   0    6.264536785018870E-05
   1   1   1    6.264536785019125E-05
        1        1           4        4
        8
   0   0   0    2.816311626727709E-02
   0   0   1   -1.406300862585244E-02
   0   1   0   -4.026811258524624E-04
   0   1   1   -1.589417026802359E-03
   1   0   0    4.055119258586140E-03
   1   0   1   -9.215416316210367E-03
   1   1   0   -3.630778816210366E-03
   1   1   1    6.413016021575820E-04
        1        2           4        4
        8
   0   0   0    2.855647711371144E-19
   0   0   1    8.282673210827692E-20
   0   1   0   -2.078848601977190E-19
   0   1   1   -2.317150030671826E-20
   1   0   0   -3.224626099261141E-19
   1   0   1   -2.080529846572204E-19
   1   1   0    3.373628210951850E-19
   1   1   1   -1.678235725535867E-20
        1        3           4        4
        8
   0   0   0   -6.905965498082717E-19
   0   0   1    2.124067464138167E-19
   0   1   0   -1.175522912111359E-19
   0   1   1    1.323356631186836E-19
   1   0   0    5.866100206430055E-19
   1   0   1   -2.761327408049019E-19
   1   1   0    1.541202917308801E-19
   1   1   1   -3.620271756124083E-19
        2        1           4        4
        8
   0   0   0    4.157405105800571E-19
   0   0   1    5.240235192445004E-19
   0   1   0   -6.371611475264407E-19
   0   1   1   -2.840078104291364E-20
   1   0   0   -1.054196712753026E-19
   1   0   1   -4.288190632451331E-19
   1   1   0    5.556829266117784E-19
   1   1   1    2.020153416674075E-19
        2        2           4        4
        8
   0   0   0    2.816311626727706E-02
   0   0   1   -1.406300862585244E-02
   0   1   0    4.055119258586157E-03
   0   1   1   -9.215416316210357E-03
   1   0   0   -4.026811258524545E-04
   1   0   1   -1.589417026802359E-03
   1   1   0   -3.630778816210352E-03
   1   1   1    6.413016021575881E-04
        2        3           4        4
        8
   0   0   0   -2.587950351657905E-19
   0   0   1    1.168773118312926E-19
   0   1   0   -1.680632481360740E-19
   0   1   1    1.439889835883306E-19
   1   0   0    3.155330077420277E-19
   1   0   1   -1.951087454441077E-19
   1   1   0   -3.896285382920777E-19
   1   1   1    7.393671187243983E-20
        3        1           4        4
        8
   0   0   0   -2.400081090934861E-19
   0   0   1    4.931253765347126E-19
   0   1   0    9.276135738067661E-19
   0   1   1    8.783334616333069E-20
   1   0   0   -8.718152784063890E-19
   1   0   1   -4.818095457549871E-19
   1   1   0    1.034505161283319E-19
   1   1   1   -2.424300939270414E-19
        3        2           4        4
        8
   0   0   0   -3.514194114370283E-20
   0   0   1   -1.453157812908657E-19
   0   1   0    2.235472149036808E-19
   0   1   1   -2.761029623028500E-19
   1   0   0    6.849684129204609E-19
   1   0   1   -1.050287767370830E-19
   1   1   0   -8.599038775856254E-20
   1   1   1   -4.851877513766537E-19
        3        3           4        4
        8
   0   0   0    3.990886116223144E-01
   0   0   1   -3.865708266105581E-02
   0   1   0   -1.395723966726001E-02
   0   1   1   -2.849150896368155E-04
   1   0   0   -1.395723966726007E-02
   1   0   1   -2.849150896367045E-04
   1   1   0   -9.038622744451587E-03
   1   1   1    8.499688365952281E-03
        1        1           4        5
        8
   0   0   0   -1.851498574507660E-02
   0   0   1   -1.851498574507660E-02
   0   1   0    6.264536785018862E-05
   0   1   1    6.264536785018959E-05
   1   0   0   -1.851498574507660E-02
   1   0   1   -1.851498574507660E-02
   1   1   0    6.264536785018986E-05
   1   1   1    6.264536785019035E-05
        1        2           4        5
        8
   0   0   0    8.844628699723230E-21
   0   0   1   -6.547589497694118E-20
   0   1   0   -1.046507551971461E-20
   0   1   1    3.659157516720202E-20
   1   0   0   -6.547589497694117E-20
   1   0   1    8.844628699723272E-21
   1   1   0    3.659157516720200E-20
   1   1   1   -1.046507551971466E-20
        1        3           4        5
        8
   0   0   0    2.167976942702059E-02
   0   0   1   -2.167976942702059E-02
   0   1   0    7.579445334291585E-05
   0   1   1   -7.579445334291585E-05
   1   0   0   -2.167976942702059E-02
   1   0   1    2.167976942702059E-02
   1   1   0   -7.579445334291585E-05
   1   1   1    7.579445334291585E-05
        2        1           4        5
        8
   0   0   0   -5.098575859654347E-20
   0   0   1   -7.920254365195235E-20
   0   1   0    5.310664968712946E-20
   0   1   1    7.602947882219896E-20
   1   0   0   -7.920254365195245E-20
   1   0   1   -5.098575859654357E-20
   1   1   0    7.602947882219900E-20
   1   1   1    5.310664968712949E-20
        2        2           4        5
        8
   0   0   0    1.510289614440369E-03
   0   0   1    1.510289614440369E-03
   0   1   0    1.377360515894080E-03
   0   1   1    1.377360515894080E-03
   1   0   0    1.510289614440369E-03
   1   0   1    1.510289614440370E-03
   1   1   0    1.377360515894080E-03
   1   1   1    1.377360515894079E-03
        2        3           4        5
        8
   0   0   0    2.919947562312189E-20
   0   0   1    4.692761051135831E-20
   0   1   0    3.398057956367787E-21
   0   1   1   -5.400827655481220E-20
   1   0   0    4.692761051135838E-20
   1   0   1    2.919947562312182E-20
   1   1   0   -5.400827655481234E-20
   1   1   1    3.398057956367922E-21
        3        1           4        5
        8
   0   0   0   -1.835273036792495E-02
   0   0   1    1.835273036792495E-02
   0   1   0   -3.860507695145251E-03
   0   1   1    3.860507695145251E-03
   1   0   0    1.835273036792495E-02
   1   0   1   -1.835273036792494E-02
   1   1   0    3.860507695145251E-03
   1   1   1   -3.860507695145251E-03
        3        2           4        5
        8
   0   0   0   -5.428290051817989E-20
   0   0   1    1.450742445520002E-19
   0   1   0   -5.747250896018431E-20
   0   1   1   -1.584679530304589E-19
   1   0   0    1.450742445520002E-19
   1   0   1   -5.428290051817985E-20
   1   1   0   -1.584679530304588E-19
   1   1   1   -5.747250896018444E-20
        3        3           4        5
        8
   0   0   0   -1.851498574507661E-02
   0   0   1   -1.851498574507660E-02
   0   1   0    6.264536785018864E-05
   0   1   1    6.264536785019065E-05
   1   0   0   -1.851498574507661E-02
   1   0   1   -1.851498574507660E-02
   1   1   0    6.264536785018832E-05
   1   1   1    6.264536785019081E-05
        1        1           5        1
        8
   0   0   0    5.182497278718267E-03
   0   0   1    5.182497278718265E-03
   0   1   0    5.182497278718265E-03
   0   1   1    5.182497278718263E-03
   1   0   0   -3.192032822957354E-03
   1   0   1   -3.192032822957352E-03
   1   1   0   -3.192032822957352E-03
   1   1   1   -3.192032822957351E-03
        1        2           5        1
        8
   0   0   0   -1.162833961514795E-19
   0   0   1   -6.318501827047555E-20
   0   1   0   -6.318501827047556E-20
   0   1   1   -1.162833961514795E-19
   1   0   0    9.615643748683928E-20
   1   0   1    5.428124615695481E-20
   1   1   0    5.428124615695471E-20
   1   1   1    9.615643748683918E-20
        1        3           5        1
        8
   0   0   0    3.056630886730450E-19
   0   0   1   -3.024271581167375E-19
   0   1   0   -3.024271581167376E-19
   0   1   1    3.056630886730450E-19
   1   0   0   -2.812744954925313E-20
   1   0   1    9.115530350334341E-21
   1   1   0    9.115530350334389E-21
   1   1   1   -2.812744954925318E-20
        2        1           5        1
        8
   0   0   0   -9.447271134998757E-20
   0   0   1    8.971187333443862E-21
   0   1   0    8.971187333443862E-21
   0   1   1   -9.447271134998757E-20
   1   0   0    1.205710868566481E-19
   1   0   1   -6.315565335872994E-20
   1   1   0   -6.315565335872995E-20
   1   1   1    1.205710868566481E-19
        2        2           5        1
        8
   0   0   0   -1.634728483433236E-03
   0   0   1   -1.634728483433235E-03
   0   1   0   -1.634728483433237E-03
   0   1   1   -1.634728483433236E-03
   1   0   0    4.420708471812193E-06
   1   0   1    4.420708471812219E-06
   1   1   0    4.420708471811716E-06
   1   1   1    4.420708471811955E-06
        2        3           5        1
        8
   0   0   0   -5.434415512858070E-04
   0   0   1    5.434415512858065E-04
   0   1   0    5.434415512858065E-04
   0   1   1   -5.434415512858059E-04
   1   0   0    2.067308322375555E-03
   1   0   1   -2.067308322375555E-03
   1   1   0   -2.067308322375555E-03
   1   1   1    2.067308322375555E-03
        3        1           5        1
        8
   0   0   0    8.019516038701602E-20
   0   0   1   -3.347930811247121E-20
   0   1   0   -3.347930811247125E-20
   0   1   1    8.019516038701607E-20
   1   0   0   -9.610349792763583E-20
   1   0   1    2.567072312997059E-20
   1   1   0    2.567072312997070E-20
   1   1   1   -9.610349792763591E-20
        3        2           5        1
        8
   0   0   0   -5.434415512858070E-04
   0   0   1    5.434415512858065E-04
   0   1   0    5.434415512858065E-04
   0   1   1   -5.434415512858059E-04
   1   0   0    2.067308322375555E-03
   1   0   1   -2.067308322375555E-03
   1   1   0   -2.067308322375555E-03
   1   1   1    2.067308322375555E-03
        3        3           5        1
        8
   0   0   0   -1.634728483433236E-03
   0   0   1   -1.634728483433237E-03
   0   1   0   -1.634728483433235E-03
   0   1   1   -1.634728483433237E-03
   1   0   0    4.420708471811949E-06
   1   0   1    4.420708471811743E-06
   1   1   0    4.420708471812246E-06
   1   1   1    4.420708471811711E-06
        1        1           5        2
        8
   0   0   0   -9.257699828971259E-02
   0   0   1   -1.556172369617257E-03
   0   1   0   -1.556172369617260E-03
   0   1   1    2.054809184844439E-05
   1   0   0   -9.257699828971259E-02
   1   0   1   -1.556172369617260E-03
   1   1   0   -1.556172369617263E-03
   1   1   1    2.054809184844405E-05
        1        2           5        2
        8
   0   0   0   -5.101454448186037E-19
   0   0   1   -1.219661269597188E-19
   0   1   0    2.681190150304882E-19
   0   1   1   -5.224472748884933E-20
   1   0   0   -5.101454448186037E-19
   1   0   1   -1.219661269597190E-19
   1   1   0    2.681190150304882E-19
   1   1   1   -5.224472748884908E-20
        1        3           5        2
        8
   0   0   0   -2.296253380447205E-19
   0   0   1    2.963291826409967E-19
   0   1   0   -4.804264997707987E-20
   0   1   1   -1.054820717127621E-19
   1   0   0   -2.296253380447204E-19
   1   0   1    2.963291826409965E-19
   1   1   0   -4.804264997707979E-20
   1   1   1   -1.054820717127621E-19
        2        1           5        2
        8
   0   0   0   -1.758867223696004E-19
   0   0   1    3.849880550556552E-19
   0   1   0    1.362383012487087E-19
   0   1   1   -4.463814001193410E-19
   1   0   0   -1.758867223696005E-19
   1   0   1    3.849880550556552E-19
   1   1   0    1.362383012487088E-19
   1   1   1   -4.463814001193410E-19
        2        2           5        2
        8
   0   0   0    2.413238945717104E-02
   0   0   1    6.151086645549372E-03
   0   1   0    7.917863119252560E-03
   0   1   1   -6.788465786812557E-03
   1   0   0    2.413238945717104E-02
   1   0   1    6.151086645549372E-03
   1   1   0    7.917863119252567E-03
   1   1   1   -6.788465786812557E-03
        2        3           5        2
        8
   0   0   0   -2.215520552662031E-20
   0   0   1   -4.513097422089317E-20
   0   1   0   -9.701174224021907E-20
   0   1   1    1.066732117948383E-20
   1   0   0   -2.215520552662028E-20
   1   0   1   -4.513097422089319E-20
   1   1   0   -9.701174224021911E-20
   1   1   1    1.066732117948386E-20
        3        1           5        2
        8
   0   0   0    9.810031192633887E-20
   0   0   1   -6.204847210882772E-20
   0   1   0    1.270880293126474E-20
   0   1   1    9.576435387648908E-20
   1   0   0    9.810031192633886E-20
   1   0   1   -6.204847210882771E-20
   1   1   0    1.270880293126467E-20
   1   1   1    9.576435387648916E-20
        3        2           5        2
        8
   0   0   0    3.036910900927185E-20
   0   0   1   -9.765528875678534E-20
   0   1   0   -1.495327480536610E-19
   0   1   1    6.318832699292576E-20
   1   0   0    3.036910900927187E-20
   1   0   1   -9.765528875678534E-20
   1   1   0   -1.495327480536611E-19
   1   1   1    6.318832699292580E-20
        3        3           5        2
        8
   0   0   0    2.413238945717104E-02
   0   0   1    7.917863119252562E-03
   0   1   0    6.151086645549374E-03
   0   1   1   -6.788465786812559E-03
   1   0   0    2.413238945717104E-02
   1   0   1    7.917863119252569E-03
   1   1   0    6.151086645549374E-03
   1   1   1   -6.788465786812559E-03
        1        1           5        3
        8
   0   0   0   -1.851498574507660E-02
   0   0   1    6.264536785018909E-05
   0   1   0   -1.851498574507660E-02
   0   1   1    6.264536785018912E-05
   1   0   0   -1.851498574507660E-02
   1   0   1    6.264536785019020E-05
   1   1   0   -1.851498574507660E-02
   1   1   1    6.264536785019001E-05
        1        2           5        3
        8
   0   0   0   -1.835273036792495E-02
   0   0   1   -3.860507695145251E-03
   0   1   0    1.835273036792494E-02
   0   1   1    3.860507695145251E-03
   1   0   0    1.835273036792494E-02
   1   0   1    3.860507695145251E-03
   1   1   0   -1.835273036792493E-02
   1   1   1   -3.860507695145251E-03
        1        3           5        3
        8
   0   0   0   -2.223461486542520E-21
   0   0   1    3.314016406132449E-20
   0   1   0   -6.444067844033104E-20
   0   1   1    1.453323249031168E-19
   1   0   0   -6.444067844033107E-20
   1   0   1    1.453323249031168E-19
   1   1   0   -2.223461486542544E-21
   1   1   1    3.314016406132452E-20
        2        1           5        3
        8
   0   0   0    2.167976942702059E-02
   0   0   1    7.579445334291932E-05
   0   1   0   -2.167976942702059E-02
   0   1   1   -7.579445334291932E-05
   1   0   0   -2.167976942702059E-02
   1   0   1   -7.579445334291932E-05
   1   1   0    2.167976942702059E-02
   1   1   1    7.579445334291932E-05
        2        2           5        3
        8
   0   0   0   -1.851498574507660E-02
   0   0   1    6.264536785018883E-05
   0   1   0   -1.851498574507660E-02
   0   1   1    6.264536785019046E-05
   1   0   0   -1.851498574507660E-02
   1   0   1    6.264536785018938E-05
   1   1   0   -1.851498574507660E-02
   1   1   1    6.264536785018976E-05
        2        3           5        3
        8
   0   0   0    1.037598816774267E-19
   0   0   1   -9.436310991882432E-20
   0   1   0   -2.376489899864850E-20
   0   1   1    4.306136832828554E-20
   1   0   0   -2.376489899864847E-20
   1   0   1    4.306136832828549E-20
   1   1   0    1.037598816774267E-19
   1   1   1   -9.436310991882427E-20
        3        1           5        3
        8
   0   0   0    9.053822676637910E-20
   0   0   1   -1.083788582179228E-19
   0   1   0   -3.759535884053510E-20
   0   1   1    2.991912275604302E-20
   1   0   0   -3.759535884053511E-20
   1   0   1    2.991912275604301E-20
   1   1   0    9.053822676637909E-20
   1   1   1   -1.083788582179228E-19
        3        2           5        3
        8
   0   0   0    1.133270526422150E-19
   0   0   1   -6.811666908251675E-20
   0   1   0    4.413504876337932E-20
   0   1   1    3.580368563374528E-20
   1   0   0    4.413504876337937E-20
   1   0   1    3.580368563374522E-20
   1   1   0    1.133270526422150E-19
   1   1   1   -6.811666908251670E-20
        3        3           5        3
        8
   0   0   0    1.510289614440369E-03
   0   0   1    1.377360515894080E-03
   0   1   0    1.510289614440369E-03
   0   1   1    1.377360515894080E-03
   1   0   0    1.510289614440369E-03
   1   0   1    1.377360515894080E-03
   1   1   0    1.510289614440370E-03
   1   1   1    1.377360515894079E-03
        1        1           5        4
        8
   0   0   0   -1.851498574507660E-02
   0   0   1   -1.851498574507660E-02
   0   1   0    6.264536785018862E-05
   0   1   1    6.264536785018959E-05
   1   0   0   -1.851498574507660E-02
   1   0   1   -1.851498574507660E-02
   1   1   0    6.264536785018986E-05
   1   1   1    6.264536785019035E-05
        1        2           5        4
        8
   0   0   0   -5.484372897349083E-20
   0   0   1   -8.296786980029375E-20
   0   1   0    5.008247736763561E-20
   0   1   1    7.312442051091273E-20
   1   0   0   -8.296786980029382E-20
   1   0   1   -5.484372897349085E-20
   1   1   0    7.312442051091280E-20
   1   1   1    5.008247736763564E-20
        1        3           5        4
        8
   0   0   0   -1.835273036792495E-02
   0   0   1    1.835273036792495E-02
   0   1   0   -3.860507695145251E-03
   0   1   1    3.860507695145251E-03
   1   0   0    1.835273036792495E-02
   1   0   1   -1.835273036792494E-02
   1   1   0    3.860507695145251E-03
   1   1   1   -3.860507695145251E-03
        2        1           5        4
        8
   0   0   0    8.942236012004488E-21
   0   0   1   -6.537828766465992E-20
   0   1   0   -1.056268283199587E-20
   0   1   1    3.649396785492076E-20
   1   0   0   -6.537828766465992E-20
   1   0   1    8.942236012004524E-21
   1   1   0    3.649396785492075E-20
   1   1   1   -1.056268283199590E-20
        2        2           5        4
        8
   0   0   0    1.510289614440369E-03
   0   0   1    1.510289614440369E-03
   0   1   0    1.377360515894080E-03
   0   1   1    1.377360515894080E-03
   1   0   0    1.510289614440369E-03
   1   0   1    1.510289614440370E-03
   1   1   0    1.377360515894080E-03
   1   1   1    1.377360515894079E-03
        2        3           5        4
        8
   0   0   0    6.774940089054318E-20
   0   0   1    2.304194314327718E-20
   0   1   0    3.746797302620200E-20
   0   1   1   -2.534084350168452E-19
   1   0   0    2.304194314327716E-20
   1   0   1    6.774940089054325E-20
   1   1   0   -2.534084350168451E-19
   1   1   1    3.746797302620183E-20
        3        1           5        4
        8
   0   0   0    2.167976942702059E-02
   0   0   1   -2.167976942702059E-02
   0   1   0    7.579445334291585E-05
   0   1   1   -7.579445334291585E-05
   1   0   0   -2.167976942702059E-02
   1   0   1    2.167976942702059E-02
   1   1   0   -7.579445334291585E-05
   1   1   1    7.579445334291585E-05
        3        2           5        4
        8
   0   0   0    3.004650857037618E-20
   0   0   1    4.608057756410411E-20
   0   1   0    4.245090903622180E-21
   0   1   1   -5.485530950206667E-20
   1   0   0    4.608057756410407E-20
   1   0   1    3.004650857037622E-20
   1   1   0   -5.485530950206654E-20
   1   1   1    4.245090903622054E-21
        3        3           5        4
        8
   0   0   0   -1.851498574507661E-02
   0   0   1   -1.851498574507660E-02
   0   1   0    6.264536785018867E-05
   0   1   1    6.264536785019062E-05
   1   0   0   -1.851498574507661E-02
   1   0   1   -1.851498574507660E-02
   1   1   0    6.264536785018829E-05
   1   1   1    6.264536785019084E-05
        1        1           5        5
        8
   0   0   0    3.990886116223144E-01
   0   0   1   -1.395723966726004E-02
   0   1   0   -1.395723966726014E-02
   0   1   1   -9.038622744451538E-03
   1   0   0   -3.865708266105585E-02
   1   0   1   -2.849150896367739E-04
   1   1   0   -2.849150896366490E-04
   1   1   1    8.499688365952177E-03
        1        2           5        5
        8
   0   0   0    7.904005436037401E-19
   0   0   1    1.566782443776238E-19
   0   1   0   -1.858618898317729E-18
   0   1   1    1.360285075658500E-19
   1   0   0    4.847578242532793E-20
   1   0   1    2.118379563451099E-19
   1   1   0    6.481784178038228E-19
   1   1   1   -4.977870562743317E-19
        1        3           5        5
        8
   0   0   0   -4.262494783710254E-19
   0   0   1    7.037189430458130E-19
   0   1   0    1.153453733368444E-18
   0   1   1   -1.441478022659408E-19
   1   0   0   -6.709625907887131E-19
   1   0   1   -6.972735517127998E-19
   1   1   0   -1.238719510910410E-19
   1   1   1   -6.002022524684769E-21
        2        1           5        5
        8
   0   0   0    2.202119709750787E-19
   0   0   1    1.571875291410150E-19
   0   1   0   -7.192170507013948E-19
   0   1   1   -5.940475117231995E-20
   1   0   0   -3.368875541344850E-19
   1   0   1   -2.189645826113488E-19
   1   1   0    5.565634603738411E-19
   1   1   1    1.905129816595514E-19
        2        2           5        5
        8
   0   0   0    2.816311626727709E-02
   0   0   1   -4.026811258524433E-04
   0   1   0    4.055119258586151E-03
   0   1   1   -3.630778816210378E-03
   1   0   0   -1.406300862585246E-02
   1   0   1   -1.589417026802351E-03
   1   1   0   -9.215416316210400E-03
   1   1   1    6.413016021575898E-04
        2        3           5        5
        8
   0   0   0   -1.577259720209988E-19
   0   0   1    8.707647590284467E-20
   0   1   0   -3.640835466152151E-20
   0   1   1   -1.020037772369766E-19
   1   0   0    4.074915036201604E-19
   1   0   1   -2.832671735881718E-19
   1   1   0   -4.715500246174919E-19
   1   1   1    1.141302450170040E-19
        3        1           5        5
        8
   0   0   0    2.892882212669453E-19
   0   0   1   -1.864663624041537E-19
   0   1   0   -1.663890345762666E-19
   0   1   1    3.166447384852990E-19
   1   0   0   -4.964407164298251E-20
   1   0   1   -6.175399581075883E-20
   1   1   0    1.290004708888698E-19
   1   1   1   -4.182754572660142E-19
        3        2           5        5
        8
   0   0   0   -1.939887428947109E-19
   0   0   1   -2.091211850207560E-19
   0   1   0    9.970007923101643E-20
   0   1   1    1.146770114019015E-19
   1   0   0   -1.336029038171148E-19
   1   0   1    2.302986630633386E-19
   1   1   0    4.402916964497256E-20
   1   1   1   -3.739203784596957E-19
        3        3           5        5
        8
   0   0   0    2.816311626727708E-02
   0   0   1    4.055119258586172E-03
   0   1   0   -4.026811258524441E-04
   0   1   1   -3.630778816210371E-03
   1   0   0   -1.406300862585244E-02
   1   0   1   -9.215416316210416E-03
   1   1   0   -1.589417026802342E-03
   1   1   1    6.413016021575768E-04
